   0.00000000       0.00000000       1.00000000    
   6.28318563E-02   6.27905205E-02  0.998026729    
  0.125663713      0.125333235      0.992114723    
  0.188495561      0.187381312      0.982287228    
  0.251327425      0.248689905      0.968583167    
  0.314159274      0.309017003      0.951056540    
  0.376991123      0.368124545      0.929776490    
  0.439823002      0.425779313      0.904827058    
  0.502654850      0.481753707      0.876306653    
  0.565486670      0.535826802      0.844327927    
  0.628318548      0.587785244      0.809017003    
  0.691150427      0.637424052      0.770513237    
  0.753982246      0.684547126      0.728968620    
  0.816814125      0.728968680      0.684547067    
  0.879646003      0.770513296      0.637423933    
  0.942477822      0.809017003      0.587785244    
   1.00530970      0.844327927      0.535826743    
   1.06814158      0.876306713      0.481753618    
   1.13097334      0.904827058      0.425779313    
   1.19380522      0.929776490      0.368124545    
   1.25663710      0.951056540      0.309016973    
   1.31946898      0.968583167      0.248689830    
   1.38230085      0.982287288      0.187381238    
   1.44513261      0.992114723      0.125333235    
   1.50796449      0.998026729       6.27904981E-02
   1.57079637       1.00000000      -4.37113883E-08
   1.63362825      0.998026729      -6.27905875E-02
   1.69646013      0.992114663     -0.125333324    
   1.75929201      0.982287228     -0.187381431    
   1.82212377      0.968583167     -0.248689920    
   1.88495564      0.951056480     -0.309017032    
   1.94778752      0.929776430     -0.368124634    
   2.01061940      0.904826999     -0.425779372    
   2.07345128      0.876306593     -0.481753796    
   2.13628316      0.844327867     -0.535826921    
   2.19911504      0.809016883     -0.587785423    
   2.26194668      0.770513237     -0.637423992    
   2.32477856      0.728968620     -0.684547126    
   2.38761044      0.684547067     -0.728968620    
   2.45044231      0.637423933     -0.770513296    
   2.51327419      0.587785184     -0.809017062    
   2.57610607      0.535826683     -0.844327986    
   2.63893795      0.481753558     -0.876306713    
   2.70176983      0.425779164     -0.904827118    
   2.76460171      0.368124396     -0.929776549    
   2.82743359      0.309016794     -0.951056600    
   2.89026523      0.248689905     -0.968583167    
   2.95309734      0.187381074     -0.982287288    
   3.01592898      0.125333205     -0.992114723    
   3.07876110       6.27902225E-02 -0.998026729    
   3.14159274      -8.74227766E-08  -1.00000000    
   3.20442486      -6.27908707E-02 -0.998026729    
   3.26725650     -0.125333369     -0.992114663    
   3.33008814     -0.187381238     -0.982287288    
   3.39292026     -0.248690069     -0.968583107    
   3.45575190     -0.309016973     -0.951056540    
   3.51858401     -0.368124783     -0.929776371    
   3.58141565     -0.425779313     -0.904827058    
   3.64424753     -0.481753707     -0.876306653    
   3.70707941     -0.535826862     -0.844327867    
   3.76991129     -0.587785363     -0.809016943    
   3.83274317     -0.637424111     -0.770513177    
   3.89557505     -0.684547246     -0.728968501    
   3.95840693     -0.728968740     -0.684546947    
   4.02123880     -0.770513356     -0.637423813    
   4.08407021     -0.809016824     -0.587785423    
   4.14690256     -0.844328046     -0.535826564    
   4.20973396     -0.876306593     -0.481753856    
   4.27256632     -0.904827178     -0.425779015    
   4.33539772     -0.929776430     -0.368124694    
   4.39823008     -0.951056600     -0.309016645    
   4.46106148     -0.968583167     -0.248689979    
   4.52389336     -0.982287228     -0.187381372    
   4.58672523     -0.992114723     -0.125333279    
   4.64955711     -0.998026729      -6.27905354E-02
   4.71238899      -1.00000000       1.19248806E-08
   4.77522087     -0.998026729       6.27905577E-02
   4.83805275     -0.992114723      0.125333294    
   4.90088463     -0.982287228      0.187381402    
   4.96371651     -0.968583107      0.248689994    
   5.02654839     -0.951056480      0.309017122    
   5.08938026     -0.929776430      0.368124694    
   5.15221214     -0.904826999      0.425779462    
   5.21504402     -0.876306593      0.481753856    
   5.27787590     -0.844327807      0.535826981    
   5.34070730     -0.809017122      0.587785065    
   5.40353966     -0.770513058      0.637424231    
   5.46637154     -0.728968382      0.684547365    
   5.52920341     -0.684546828      0.728968859    
   5.59203482     -0.637424052      0.770513177    
   5.65486717     -0.587784946      0.809017241    
   5.71769905     -0.535826445      0.844328165    
   5.78053045     -0.481753707      0.876306653    
   5.84336233     -0.425779283      0.904827058    
   5.90619469     -0.368124098      0.929776669    
   5.96902657     -0.309016496      0.951056659    
   6.03185797     -0.248689815      0.968583167    
   6.09468985     -0.187381223      0.982287288    
   6.15752220     -0.125332639      0.992114782    
   6.22035360      -6.27903715E-02  0.998026729    
   6.28318548       1.74845553E-07   1.00000000    
